Amplitdue (cm)															Shallow Depth (cm)					
3.81	3.56	3.3	3.05	2.79	2.54	2.29	2.03	1.78	1.52	1.27	1.02	0.76	0.51	0.25	5.3	4.688	4.075	3.463	2.85	2.238
0.6857	0.4898	0.4654	0.4408	0.3896	0.3186	0.2669	0.2264	0.1993	0.1224	0.0664	0.0767	0.1232	0.1128	0.1339	0.1426	0.1227	0.1506	0.1847	0.3681	5.5831
0.6879	0.4932	0.4679	0.4425	0.395	0.3202	0.2694	0.2255	0.1978	0.1292	0.0648	0.0763	0.1253	0.1186	0.1143	0.144	0.118	0.1502	0.1833	0.3674	5.5419
0.6913	0.4942	0.4746	0.4472	0.4011	0.3271	0.2731	0.2268	0.1994	0.1301	0.081	0.0766	0.1133	0.1194	0.1114	0.1454	0.1129	0.1486	0.1853	0.3638	5.4909
0.6958	0.4965	0.4771	0.4485	0.4034	0.3308	0.2753	0.2271	0.2016	0.1307	0.0856	0.0736	0.1215	0.1112	0.1168	0.1458	0.1084	0.1448	0.1871	0.3629	5.4505
0.7005	0.505	0.4849	0.454	0.4075	0.3349	0.2797	0.2297	0.2069	0.1324	0.083	0.0663	0.1163	0.1087	0.1118	0.1452	0.1062	0.1412	0.1846	0.3593	5.4177
0.7041	0.5142	0.4894	0.4592	0.4118	0.3412	0.2868	0.2331	0.2092	0.1356	0.0876	0.0762	0.1214	0.1145	0.1163	0.1465	0.1186	0.144	0.1804	0.3586	5.3688
0.7136	0.4894	0.4934	0.4639	0.416	0.3484	0.2903	0.238	0.2144	0.1411	0.0831	0.0677	0.1148	0.1058	0.1081	0.1477	0.1294	0.145	0.1804	0.3573	5.3294
0.6864	0.5232	0.4961	0.4799	0.4192	0.3515	0.2926	0.2384	0.2141	0.1368	0.087	0.0683	0.1144	0.1049	0.1079	0.1483	0.1239	0.1445	0.1843	0.3583	5.299
0.7187	0.5288	0.4996	0.491	0.4238	0.3558	0.2945	0.2401	0.2176	0.1358	0.0877	0.0719	0.1177	0.1164	0.1008	0.1496	0.1069	0.1411	0.1913	0.3651	5.2794
0.7207	0.5377	0.5015	0.4891	0.4333	0.3632	0.3	0.2425	0.2191	0.1385	0.0842	0.0746	0.1168	0.1207	0.1223	0.15	0.0924	0.1396	0.1928	0.3641	5.2317
0.7257	0.5367	0.507	0.496	0.4471	0.3677	0.3042	0.2479	0.2207	0.1561	0.0951	0.0824	0.123	0.1292	0.1352	0.1496	0.0936	0.1379	0.1943	0.3666	5.1825
0.7297	0.5424	0.512	0.5067	0.4505	0.3733	0.3075	0.251	0.218	0.1504	0.0998	0.1121	0.143	0.1481	0.1251	0.1467	0.0984	0.1418	0.1897	0.3643	5.1568
0.7366	0.5456	0.5203	0.5213	0.4586	0.3793	0.3128	0.2563	0.2282	0.1445	0.0943	0.1038	0.1268	0.1426	0.1225	0.1461	0.114	0.146	0.1952	0.3704	5.1245
0.7398	0.5489	0.5354	0.5259	0.4705	0.3857	0.3215	0.2629	0.2363	0.1514	0.0945	0.1037	0.1493	0.1431	0.1339	0.1532	0.1184	0.1453	0.1954	0.3711	5.0818
0.7424	0.5581	0.5349	0.5316	0.4792	0.3963	0.3301	0.2735	0.2418	0.171	0.1069	0.0586	0.115	0.1163	0.0993	0.1528	0.1235	0.1437	0.1973	0.3754	5.0339
0.7475	0.562	0.5415	0.5355	0.4903	0.3966	0.3292	0.269	0.2554	0.1777	0.1092	0.07	0.108	0.1213	0.1128	0.1516	0.1236	0.1445	0.1985	0.3765	4.993
0.7461	0.5655	0.5526	0.5359	0.4929	0.4034	0.3385	0.2782	0.2736	0.1799	0.1003	0.0842	0.1211	0.128	0.1202	0.1506	0.1249	0.1502	0.2005	0.3814	4.9712
0.745	0.5758	0.5636	0.5381	0.4979	0.4161	0.3506	0.2914	0.2774	0.1897	0.1005	0.1091	0.1463	0.1393	0.1331	0.1546	0.1175	0.1478	0.2116	0.3865	4.9387
0.7491	0.5791	0.5715	0.5474	0.4978	0.4249	0.356	0.3024	0.2803	0.1973	0.1134	0.0946	0.1431	0.1479	0.1433	0.151	0.1106	0.1505	0.2068	0.385	4.8825
0.7513	0.5814	0.5769	0.5518	0.5017	0.432	0.3611	0.3076	0.2821	0.2004	0.1207	0.1266	0.1681	0.1726	0.1842	0.1527	0.1172	0.1555	0.2103	0.3922	4.8413
0.7508	0.5843	0.582	0.5581	0.506	0.4352	0.3649	0.3127	0.2857	0.1885	0.1158	0.1457	0.1931	0.16	0.1469	0.1577	0.1297	0.1589	0.2172	0.4023	4.807
0.7525	0.5997	0.5816	0.561	0.5104	0.4395	0.3704	0.3166	0.2835	0.1862	0.12	0.1475	0.1788	0.1443	0.1333	0.1642	0.1249	0.1582	0.2301	0.4149	4.7807
0.762	0.6237	0.5842	0.5542	0.5118	0.4414	0.3683	0.3163	0.2767	0.202	0.1207	0.1196	0.1654	0.1566	0.1236	0.1623	0.1217	0.1614	0.2294	0.4135	4.7254
0.7844	0.6196	0.5892	0.5608	0.5209	0.4412	0.3656	0.3156	0.2817	0.2139	0.1344	0.0979	0.1452	0.1537	0.1072	0.1721	0.1059	0.1542	0.2286	0.4157	4.675
0.7786	0.6202	0.5955	0.5659	0.517	0.4438	0.3698	0.3136	0.2881	0.2155	0.1283	0.1086	0.133	0.1558	0.1181	0.1673	0.0936	0.1467	0.2219	0.4177	4.6642
0.7829	0.6227	0.5969	0.5686	0.5226	0.4506	0.3762	0.3217	0.2981	0.2032	0.1084	0.1233	0.1567	0.1476	0.1198	0.1607	0.097	0.1438	0.2111	0.4177	4.6441
0.7837	0.6153	0.6036	0.5768	0.5268	0.4588	0.3858	0.3267	0.2993	0.2063	0.1207	0.1293	0.1568	0.1528	0.1281	0.1585	0.1109	0.1433	0.2189	0.4215	4.5963
0.7821	0.6182	0.599	0.5838	0.5282	0.4692	0.3908	0.3398	0.2887	0.2118	0.1392	0.1224	0.1591	0.149	0.1333	0.1577	0.1181	0.1433	0.2257	0.425	4.5503
0.7865	0.6263	0.6014	0.5958	0.5323	0.4619	0.3854	0.3305	0.2897	0.2162	0.1493	0.1189	0.1615	0.1481	0.1301	0.1619	0.1145	0.1409	0.2322	0.4303	4.508
0.7923	0.6238	0.6087	0.5964	0.538	0.464	0.3888	0.3298	0.2893	0.2187	0.1457	0.1072	0.1425	0.1376	0.1025	0.1608	0.1129	0.142	0.2368	0.433	4.484
0.7825	0.6249	0.6108	0.5845	0.5451	0.4646	0.3867	0.3304	0.2955	0.2255	0.1772	0.1014	0.1388	0.1485	0.1205	0.1604	0.1069	0.1387	0.2338	0.4255	4.4452
0.7811	0.6211	0.6156	0.5881	0.5542	0.4678	0.3897	0.3303	0.3023	0.2343	0.1895	0.1079	0.1354	0.1375	0.1279	0.1634	0.1047	0.1359	0.2162	0.4231	4.4146
0.7861	0.6201	0.6213	0.5955	0.5402	0.4771	0.4027	0.3365	0.3156	0.2456	0.1749	0.1183	0.1468	0.1327	0.1258	0.1601	0.1079	0.1347	0.211	0.4295	4.395
0.7856	0.6254	0.6309	0.5983	0.5409	0.4859	0.4152	0.3444	0.3296	0.2375	0.1575	0.1268	0.1583	0.1402	0.1316	0.1586	0.1023	0.1345	0.2077	0.4413	4.372
0.7899	0.6315	0.6424	0.601	0.5482	0.4963	0.4262	0.3574	0.3285	0.2358	0.1478	0.1361	0.1734	0.178	0.1545	0.1549	0.103	0.138	0.223	0.4491	4.3205
0.791	0.6335	0.6281	0.6013	0.5566	0.4959	0.418	0.3649	0.3123	0.2466	0.1733	0.1334	0.1803	0.1516	0.1366	0.1558	0.1136	0.1466	0.2348	0.4567	4.2602
0.7862	0.6422	0.6288	0.6065	0.5565	0.4807	0.4111	0.3506	0.3139	0.2562	0.1823	0.1227	0.1618	0.145	0.1264	0.1614	0.1135	0.148	0.2328	0.4594	4.2197
0.7872	0.6693	0.636	0.611	0.5553	0.4856	0.4174	0.3535	0.3254	0.2582	0.1824	0.1146	0.1576	0.1471	0.138	0.1662	0.1037	0.1546	0.2251	0.4676	4.1977
0.812	0.663	0.6418	0.6155	0.5601	0.491	0.4257	0.3602	0.3317	0.2549	0.1689	0.099	0.1472	0.1491	0.1384	0.1669	0.0934	0.1491	0.2261	0.4709	4.1758
0.8081	0.632	0.6432	0.6173	0.5634	0.4986	0.4315	0.3681	0.3312	0.2621	0.172	0.1112	0.1468	0.1494	0.1438	0.1567	0.0785	0.1417	0.2076	0.4655	4.1479
0.7938	0.645	0.6464	0.621	0.5696	0.503	0.4377	0.3733	0.3334	0.2717	0.1703	0.1193	0.1591	0.1558	0.151	0.1544	0.0723	0.1431	0.211	0.4753	4.1237
0.7954	0.6629	0.6492	0.6316	0.5728	0.5023	0.4377	0.3725	0.3437	0.2783	0.1626	0.1299	0.1695	0.1705	0.1622	0.1544	0.0763	0.146	0.2244	0.4843	4.1023
0.8056	0.6696	0.6525	0.6379	0.576	0.5102	0.4476	0.378	0.3483	0.2791	0.1705	0.1218	0.1702	0.1459	0.1338	0.152	0.0875	0.1494	0.2404	0.4913	4.0622
0.8121	0.6659	0.6598	0.639	0.5851	0.5137	0.4511	0.383	0.3568	0.2845	0.1827	0.1178	0.1574	0.1563	0.1447	0.1537	0.0925	0.1495	0.2447	0.4854	4.0105
0.8105	0.6646	0.6627	0.6432	0.5948	0.5204	0.4575	0.3922	0.3593	0.294	0.1992	0.1387	0.1581	0.181	0.1614	0.1575	0.0772	0.1443	0.2307	0.484	3.9914
0.8092	0.6716	0.6656	0.6502	0.5978	0.5258	0.4615	0.3985	0.3644	0.303	0.2046	0.1416	0.1601	0.1596	0.1648	0.1563	0.0608	0.1479	0.2378	0.489	3.9787
0.815	0.6381	0.6733	0.6559	0.6001	0.5292	0.4681	0.4039	0.3744	0.3058	0.1874	0.1481	0.1708	0.1736	0.1731	0.1566	0.0534	0.1463	0.2462	0.5051	3.9663
0.7856	0.559	0.6828	0.6554	0.6074	0.5383	0.4758	0.4146	0.3805	0.3108	0.1878	0.1409	0.1699	0.1716	0.1324	0.1525	0.0401	0.1287	0.245	0.5004	3.9496
0.7158	0.6698	0.6831	0.6565	0.6154	0.5425	0.4799	0.4185	0.3851	0.3229	0.2076	0.1404	0.162	0.1501	0.1627	0.1512	0.0292	0.0993	0.2332	0.4971	3.9328
0.7995	0.6914	0.687	0.6588	0.6174	0.5476	0.4906	0.4234	0.3945	0.3347	0.2098	0.1604	0.1806	0.1513	0.1915	0.2417	0.0522	0.1248	0.2553	0.5207	3.8832
0.808	0.6976	0.6908	0.6591	0.6172	0.5578	0.4972	0.4356	0.4055	0.341	0.2076	0.1618	0.185	0.1596	0.2009	0.1767	0.091	0.1443	0.2806	0.5514	3.8329
0.8129	0.7146	0.6939	0.6618	0.6194	0.5662	0.5084	0.4477	0.4143	0.3383	0.2071	0.1669	0.1811	0.1713	0.188	0.1585	0.1239	0.1684	0.2972	0.55	3.7971
0.8251	0.715	0.6978	0.6693	0.6212	0.5774	0.5141	0.459	0.4174	0.3505	0.218	0.1625	0.1862	0.1737	0.1846	0.1593	0.1478	0.1955	0.3068	0.5591	3.7556
0.8213	0.7107	0.6983	0.6774	0.6228	0.5758	0.5139	0.4617	0.4146	0.3659	0.2156	0.1729	0.2022	0.1768	0.1852	0.1632	0.1561	0.2006	0.3252	0.5681	3.727
0.813	0.7138	0.6974	0.6928	0.6314	0.5769	0.5138	0.4617	0.4243	0.3695	0.2245	0.1912	0.2116	0.1798	0.1982	0.1674	0.1535	0.2039	0.3325	0.5687	3.721
0.8107	0.7171	0.6944	0.7018	0.6403	0.5783	0.5191	0.4627	0.4236	0.3658	0.2336	0.2254	0.2231	0.2007	0.1809	0.1687	0.1274	0.1858	0.3246	0.558	3.736
0.8088	0.7275	0.6971	0.7031	0.6534	0.5827	0.5228	0.469	0.4298	0.3554	0.234	0.2471	0.2275	0.1928	0.2283	0.1681	0.1011	0.1674	0.2933	0.5473	3.7559
0.8161	0.7254	0.71	0.7052	0.6683	0.5879	0.5302	0.4719	0.4265	0.3803	0.2394	0.2471	0.2657	0.2487	0.204	0.1676	0.0965	0.178	0.3	0.5687	3.7016
0.8156	0.7264	0.7212	0.7113	0.6694	0.5902	0.5344	0.4783	0.43	0.397	0.2387	0.1763	0.1931	0.1803	0.1211	0.168	0.0961	0.1695	0.3178	0.5683	3.6678
0.816	0.7183	0.7314	0.72	0.6719	0.5959	0.5407	0.4788	0.4558	0.4009	0.249	0.2005	0.1835	0.1758	0.1297	0.1653	0.0764	0.1507	0.3023	0.5699	3.6917
0.8183	0.7164	0.7392	0.7213	0.6754	0.609	0.5572	0.5	0.4637	0.4008	0.2665	0.201	0.2084	0.1981	0.2119	0.1604	0.0707	0.1505	0.3081	0.5682	3.7115
0.8268	0.7207	0.7423	0.7223	0.6816	0.6171	0.5644	0.5135	0.4668	0.4081	0.2831	0.2043	0.2034	0.1974	0.1625	0.1596	0.0815	0.159	0.3068	0.5551	3.7481
0.8229	0.7498	0.7419	0.7259	0.6877	0.6194	0.5656	0.5213	0.469	0.4204	0.2818	0.2119	0.2172	0.1894	0.1826	0.1632	0.0705	0.1496	0.3018	0.5682	3.7899
0.8191	0.7555	0.7445	0.7355	0.691	0.6194	0.5669	0.5205	0.478	0.4225	0.272	0.2165	0.2213	0.191	0.1843	0.1639	0.0526	0.1382	0.2979	0.5646	3.7832
0.8229	0.7588	0.7517	0.7453	0.6942	0.6267	0.5776	0.5277	0.4853	0.4208	0.2728	0.2228	0.2363	0.2053	0.1854	0.1666	0.0353	0.1206	0.2894	0.5635	3.8089
0.8337	0.7612	0.7549	0.7446	0.7001	0.6358	0.5849	0.5389	0.4857	0.4225	0.2953	0.2176	0.2403	0.1991	0.2184	0.1687	0.0261	0.1226	0.2859	0.5546	3.8279
0.8318	0.7596	0.7605	0.7516	0.7078	0.6371	0.588	0.5391	0.4871	0.436	0.3064	0.2105	0.2473	0.2119	0.214	0.1719	0.0131	0.1223	0.274	0.5455	3.8649
0.8207	0.7641	0.7638	0.7585	0.7066	0.6392	0.5917	0.5418	0.4923	0.4449	0.3084	0.2133	0.2436	0.205	0.2041	0.1733	0.0125	0.125	0.2875	0.5703	3.8523
0.8178	0.7741	0.7701	0.7669	0.7104	0.6432	0.5986	0.547	0.5062	0.4454	0.2919	0.2082	0.2403	0.1937	0.1979	0.1738	0.0206	0.1244	0.3043	0.5767	3.8437
0.8262	0.7799	0.7763	0.7665	0.7178	0.6528	0.6113	0.556	0.5115	0.4439	0.3135	0.2154	0.2517	0.2113	0.202	0.1767	0.0131	0.1113	0.292	0.5821	3.8554
0.8327	0.7779	0.7754	0.7558	0.7283	0.6597	0.6137	0.5661	0.5091	0.4492	0.3385	0.2257	0.2448	0.2044	0.2092	0.1788	0.0192	0.1228	0.2935	0.5821	3.8502
0.8321	0.7752	0.7799	0.7359	0.7357	0.659	0.6167	0.5645	0.5151	0.455	0.3402	0.228	0.2511	0.1901	0.1888	0.1826	0.0238	0.1295	0.291	0.5824	3.8658
0.8329	0.7761	0.7865	0.7175	0.7336	0.6617	0.6254	0.5696	0.5294	0.4578	0.3306	0.2154	0.2397	0.199	0.1716	0.1845	0.026	0.1402	0.3073	0.6145	3.8684
0.8299	0.7841	0.7936	0.7127	0.7237	0.6713	0.6397	0.5782	0.5454	0.4491	0.3319	0.2223	0.2437	0.2111	0.2007	0.1856	0.0276	0.1549	0.3312	0.6425	3.8135
0.8295	0.7824	0.7956	0.7282	0.7157	0.6831	0.6501	0.5915	0.5454	0.4539	0.3402	0.241	0.2558	0.2103	0.2074	0.1905	0.0541	0.1805	0.358	0.6512	3.7833
0.8264	0.7901	0.7819	0.7778	0.7142	0.6857	0.6531	0.5991	0.5464	0.4675	0.3461	0.2472	0.2592	0.2113	0.1979	0.1939	0.0644	0.1813	0.3662	0.6396	3.7679
0.8288	0.7971	0.7495	0.8078	0.7239	0.6858	0.6538	0.598	0.5595	0.4744	0.3374	0.2314	0.2563	0.2044	0.1943	0.1978	0.0675	0.1711	0.3662	0.6468	3.7508
0.8314	0.8046	0.7177	0.8113	0.7454	0.6935	0.6661	0.611	0.5668	0.4776	0.3403	0.2224	0.256	0.213	0.2004	0.199	0.0681	0.1667	0.3753	0.6642	3.7404
0.8314	0.8072	0.6978	0.8135	0.7741	0.7009	0.6731	0.6205	0.5724	0.4822	0.3438	0.2272	0.2496	0.2178	0.2004	0.1991	0.0658	0.1643	0.3877	0.6464	3.7288
0.8339	0.8086	0.7184	0.8164	0.7796	0.7076	0.6785	0.6287	0.5735	0.4935	0.3537	0.2516	0.2635	0.219	0.1871	0.2005	0.0656	0.1587	0.3856	0.6217	3.7699
0.8343	0.811	0.794	0.8124	0.7851	0.7088	0.6801	0.6302	0.5791	0.4999	0.3489	0.2518	0.2723	0.22	0.1853	0.204	0.0597	0.1568	0.3827	0.631	3.8126
0.8306	0.8185	0.8362	0.7985	0.7934	0.7148	0.6919	0.635	0.5852	0.4947	0.3581	0.246	0.2615	0.2289	0.1958	0.2062	0.0522	0.1572	0.3877	0.6431	3.8166
0.8248	0.8194	0.8347	0.7672	0.7963	0.7227	0.7004	0.6449	0.5875	0.4974	0.3682	0.2473	0.2624	0.2423	0.19	0.2068	0.0517	0.1626	0.3977	0.6502	3.794
0.8208	0.8202	0.8354	0.7376	0.794	0.7276	0.7002	0.648	0.5946	0.5015	0.3812	0.2605	0.2735	0.23	0.1924	0.2095	0.0546	0.1746	0.4125	0.6516	3.7726
0.8242	0.8197	0.836	0.7279	0.7766	0.7261	0.7029	0.6476	0.5988	0.5111	0.3903	0.2713	0.2812	0.2284	0.1993	0.2136	0.0557	0.1886	0.4284	0.6627	3.7936
0.8193	0.8263	0.8288	0.8021	0.7573	0.7292	0.7079	0.6579	0.6122	0.5048	0.3832	0.2604	0.2704	0.2228	0.1974	0.2176	0.0583	0.1993	0.4289	0.6657	3.8409
0.8201	0.8301	0.8087	0.8494	0.745	0.7389	0.7199	0.6705	0.6176	0.5026	0.3812	0.2505	0.2628	0.2379	0.2105	0.2214	0.0608	0.2169	0.4292	0.6887	3.8569
0.8215	0.8365	0.7667	0.8424	0.7754	0.7467	0.7249	0.6795	0.6222	0.4933	0.3887	0.2595	0.2653	0.237	0.2086	0.2216	0.0784	0.2328	0.4407	0.7037	3.8723
0.8248	0.8349	0.722	0.8394	0.821	0.7443	0.7249	0.6838	0.6224	0.5115	0.394	0.3013	0.3153	0.2531	0.2076	0.2231	0.0918	0.227	0.4586	0.7201	3.92
0.8285	0.8355	0.6897	0.8428	0.8254	0.744	0.7256	0.6906	0.6266	0.5184	0.3984	0.3249	0.3282	0.2515	0.2175	0.2274	0.0993	0.2143	0.4537	0.7243	3.8999
0.8266	0.8355	0.7949	0.8482	0.8225	0.7499	0.7344	0.6941	0.6325	0.518	0.4122	0.3291	0.3257	0.2263	0.2176	0.2308	0.1441	0.2211	0.4516	0.7286	3.894
0.8153	0.8387	0.857	0.85	0.8277	0.7566	0.7408	0.6998	0.6231	0.5198	0.4189	0.3288	0.3316	0.2405	0.154	0.2337	0.167	0.2211	0.4493	0.715	3.9361
0.8059	0.8418	0.8548	0.8455	0.8313	0.76	0.7402	0.6963	0.6217	0.5323	0.4197	0.3107	0.3307	0.2294	0.2071	0.2315	0.1515	0.2194	0.4612	0.7197	4.0012
0.8086	0.84	0.8432	0.8497	0.8323	0.7562	0.7396	0.6918	0.631	0.5433	0.4256	0.3023	0.3178	0.2175	0.1694	0.2293	0.145	0.2352	0.5258	0.7612	4.0738
0.813	0.8378	0.8445	0.8556	0.8259	0.7579	0.7484	0.7019	0.6451	0.536	0.4345	0.2914	0.2998	0.2151	0.1807	0.2356	0.1867	0.2516	0.6518	0.7737	4.124
0.8707	0.8395	0.849	0.8574	0.8251	0.7622	0.7552	0.7121	0.6445	0.5315	0.4212	0.2778	0.2846	0.2594	0.2008	0.2399	0.2163	0.2584	0.6117	0.7541	4.0693
1.28	0.8348	0.8515	0.8495	0.8327	0.7659	0.7566	0.7199	0.6352	0.5385	0.4167	0.2826	0.2782	0.2282	0.1465	0.2403	0.1944	0.2618	0.5136	0.739	4.0276
1.3301	0.8384	0.8457	0.8457	0.8391	0.7569	0.7457	0.7082	0.6356	0.55	0.4108	0.2775	0.2829	0.2316	0.2121	0.2392	0.1427	0.2611	0.5019	0.7275	3.9712
0.9688	0.8518	0.848	0.8511	0.838	0.7538	0.7462	0.7085	0.6445	0.5476	0.4113	0.2619	0.2796	0.2341	0.2086	0.2411	0.134	0.2809	0.503	0.7364	3.925
0.8278	0.8521	0.8516	0.8538	0.8315	0.7637	0.7585	0.7156	0.6519	0.5335	0.4081	0.2636	0.2646	0.2216	0.2036	0.2473	0.1325	0.2849	0.5002	0.7508	3.8719
0.7999	0.8535	0.8559	0.8534	0.8355	0.7721	0.7646	0.7222	0.6405	0.5289	0.421	0.2768	0.2897	0.2402	0.196	0.251	0.1332	0.3119	0.5036	0.7552	3.8361
0.7908	0.8506	0.8499	0.8441	0.8414	0.7706	0.7541	0.7195	0.6316	0.5349	0.4344	0.2856	0.2911	0.2224	0.1976	0.2546	0.1448	0.3492	0.5081	0.7608	3.8163
0.7843	0.8487	0.8437	0.8296	0.8357	0.7559	0.7467	0.7053	0.6368	0.5377	0.4383	0.2717	0.2619	0.2224	0.1985	0.2593	0.15	0.375	0.5183	0.7669	3.8199
0.7802	0.8546	0.8481	0.8196	0.8265	0.7531	0.7462	0.7079	0.6433	0.5201	0.4401	0.2536	0.2458	0.2381	0.1974	0.2598	0.1582	0.3769	0.5026	0.7577	3.8341
0.7824	0.8556	0.8505	0.8168	0.8168	0.7535	0.7482	0.7126	0.6372	0.5183	0.4487	0.2604	0.2513	0.2334	0.205	0.2594	0.1507	0.348	0.4962	0.7486	3.8086
0.7809	0.8531	0.8486	0.8131	0.8063	0.7521	0.7405	0.7105	0.6291	0.5221	0.449	0.2712	0.2559	0.2253	0.2031	0.2637	0.1629	0.3261	0.4873	0.7369	3.7787
0.7799	0.8484	0.8368	0.8058	0.7986	0.7444	0.739	0.7033	0.6296	0.512	0.4517	0.2693	0.2412	0.2226	0.2015	0.2676	0.1541	0.306	0.4785	0.731	3.7328
0.78	0.8451	0.8242	0.7937	0.7949	0.7484	0.744	0.7058	0.6221	0.5078	0.4512	0.2677	0.243	0.2194	0.1903	0.2681	0.1535	0.3053	0.4813	0.7413	3.7366
0.7755	0.8505	0.8162	0.7819	0.7815	0.7426	0.7392	0.7041	0.615	0.4966	0.4579	0.2725	0.2506	0.2157	0.189	0.263	0.1831	0.3091	0.4729	0.7349	3.7592
0.7679	0.8532	0.812	0.7696	0.7693	0.7281	0.7231	0.6888	0.61	0.4902	0.4662	0.2642	0.2535	0.2154	0.1881	0.2656	0.1692	0.3038	0.455	0.688	3.7283
0.7645	0.8453	0.8053	0.7607	0.7619	0.7194	0.7164	0.6795	0.6007	0.4805	0.4597	0.2646	0.2507	0.206	0.1772	0.2666	0.1735	0.3115	0.4467	0.6798	3.6816
0.7688	0.8307	0.8002	0.7543	0.7564	0.7075	0.7078	0.6721	0.5996	0.4813	0.4674	0.2527	0.2404	0.2115	0.1816	0.2697	0.1783	0.3098	0.4773	0.7432	3.67
0.7578	0.8143	0.7894	0.7476	0.7497	0.7009	0.6984	0.6672	0.5933	0.4693	0.4693	0.247	0.2345	0.213	0.1809	0.2738	0.1848	0.3255	0.5179	0.7417	3.6616
0.739	0.8044	0.7795	0.7325	0.742	0.6825	0.6817	0.6575	0.5815	0.4613	0.4695	0.2459	0.2248	0.2102	0.1682	0.2867	0.1836	0.3176	0.5115	0.6916	3.5992
0.7207	0.8006	0.7714	0.7159	0.7397	0.6674	0.6735	0.6398	0.5697	0.4446	0.4645	0.2511	0.2213	0.2039	0.1688	0.2854	0.1597	0.323	0.4836	0.6573	3.5859
0.7101	0.7988	0.7629	0.7048	0.7308	0.6694	0.6726	0.6307	0.5646	0.4319	0.4495	0.2625	0.2138	0.1969	0.1622	0.2805	0.1722	0.3404	0.4621	0.6614	3.5846
0.7037	0.7932	0.7557	0.6914	0.7123	0.6559	0.6607	0.6292	0.5601	0.427	0.4447	0.2457	0.1928	0.1897	0.1689	0.2923	0.1876	0.357	0.471	0.6776	3.5086
0.7051	0.78	0.7456	0.6891	0.6941	0.6643	0.6634	0.619	0.5486	0.4193	0.4494	0.2334	0.1928	0.1892	0.152	0.2992	0.2056	0.3835	0.4772	0.6797	3.4427
0.6988	0.7701	0.7279	0.673	0.6807	0.6696	0.6574	0.6098	0.534	0.4074	0.4535	0.2378	0.1931	0.197	0.1515	0.3024	0.223	0.4005	0.484	0.6552	3.3784
0.6849	0.7569	0.7103	0.6604	0.6624	0.6458	0.6337	0.5956	0.521	0.4015	0.4522	0.2322	0.1841	0.1851	0.1543	0.3038	0.2353	0.4182	0.4704	0.6472	3.3229
0.6738	0.7458	0.7003	0.6398	0.6489	0.6235	0.6169	0.5799	0.5101	0.3855	0.4451	0.2132	0.1732	0.1659	0.1574	0.3024	0.2345	0.4153	0.4453	0.6331	3.3294
0.6626	0.7346	0.6874	0.6234	0.63	0.6152	0.603	0.5691	0.496	0.3739	0.4381	0.206	0.1573	0.1625	0.146	0.3037	0.2376	0.4151	0.4169	0.6145	3.3736
0.6576	0.7221	0.6822	0.609	0.6064	0.6026	0.5892	0.5553	0.4841	0.3502	0.4359	0.1915	0.1453	0.1458	0.1285	0.2991	0.2155	0.3822	0.3982	0.5965	3.4162
0.6534	0.7092	0.6761	0.5868	0.5829	0.5833	0.5734	0.541	0.4685	0.3282	0.4382	0.1803	0.1443	0.1396	0.1231	0.2938	0.1659	0.338	0.4015	0.5559	3.3572
0.6385	0.6952	0.6669	0.56	0.5725	0.566	0.5601	0.5254	0.4505	0.3049	0.427	0.1511	0.1375	0.1383	0.1323	0.2867	0.1405	0.3171	0.409	0.5375	3.2932
0.6257	0.6886	0.649	0.5428	0.5568	0.5463	0.5332	0.5116	0.4344	0.2856	0.4068	0.1438	0.1269	0.1421	0.1249	0.2882	0.1321	0.302	0.3966	0.5295	3.281
0.6187	0.6817	0.6293	0.5247	0.5389	0.5181	0.5051	0.4875	0.4201	0.2613	0.3919	0.1388	0.1343	0.1397	0.1139	0.2859	0.1337	0.2926	0.3955	0.5551	3.3265
0.6127	0.6733	0.6143	0.5039	0.5221	0.4853	0.4801	0.4645	0.3964	0.24	0.3837	0.1205	0.1062	0.111	0.1007	0.2766	0.1481	0.2902	0.3901	0.542	3.414
0.6051	0.6681	0.5965	0.4803	0.4994	0.4558	0.4572	0.4436	0.3784	0.2278	0.3805	0.1054	0.0813	0.1097	0.0903	0.2628	0.1401	0.2609	0.3228	0.4698	3.378
0.6081	0.6601	0.5745	0.4546	0.4793	0.4389	0.4362	0.4215	0.3714	0.2082	0.3708	0.1035	0.0848	0.1092	0.0832	0.2379	0.1045	0.2267	0.3106	0.443	3.3778
0.6124	0.647	0.5575	0.4306	0.4475	0.4374	0.4284	0.4094	0.3629	0.1906	0.3543	0.0932	0.0872	0.1035	0.0568	0.2224	0.106	0.2147	0.31	0.4139	3.398
0.6145	0.6372	0.5421	0.4007	0.4171	0.4309	0.4187	0.3968	0.3463	0.1503	0.342	0.0972	0.0832	0.101	0.057	0.2384	0.1163	0.2183	0.2825	0.4023	3.3584
0.6033	0.6257	0.5254	0.3732	0.3909	0.4173	0.397	0.3755	0.3217	0.1174	0.333	0.0682	0.0973	0.0737	0.022	0.2489	0.1138	0.227	0.2666	0.4125	3.3891
0.5964	0.6069	0.5003	0.3454	0.3711	0.3965	0.3735	0.3551	0.2997	0.101	0.3208	0.0402	0.0448	0.0508	0.0223	0.2516	0.0912	0.2278	0.2403	0.4084	3.3491
0.5991	0.5824	0.4747	0.3186	0.3559	0.3663	0.3427	0.3276	0.2785	0.0756	0.3085	0.0318	0.0249	0.057	0.041	0.2364	0.0574	0.2093	0.1977	0.3651	3.3434
0.5968	0.565	0.4518	0.2886	0.3262	0.3325	0.3157	0.3077	0.267	0.0369	0.2901	0.0293	0.0565	0.0575	0.0308	0.2236	0.0034	0.2559	0.1751	0.3124	3.3745
0.5949	0.5492	0.4223	0.2554	0.2959	0.2987	0.2941	0.284	0.2471	-0.0075	0.2845	0.0184	0.0516	0.0456	0.0212	0.2192	-0.0059	0.2379	0.1093	0.2474	3.3331
0.582	0.54	0.3978	0.2238	0.2655	0.2689	0.2722	0.2657	0.2241	-0.0712	0.262	0.0106	0.0373	0.0531	0.0304	0.2072	-0.0247	0.221	0.071	0.2172	3.2898
0.571	0.5178	0.3687	0.1932	0.235	0.2463	0.2481	0.2433	0.2095	-0.1176	0.2441	0.0062	0.0308	0.0138	0.0146	0.1901	-0.0549	0.1645	0.0472	0.2038	3.2473
0.5588	0.4882	0.3431	0.1624	0.2017	0.229	0.2275	0.2213	0.1926	-0.1701	0.2371	-0.0163	0.0299	0.0115	0.0101	0.1711	-0.0625	0.1297	0.0519	0.2195	3.2322
0.5446	0.4534	0.305	0.1355	0.1744	0.2109	0.2129	0.2088	0.168	-0.2146	0.2178	-0.0343	0.0191	0.0019	0.0051	0.1483	-0.0571	0.1308	0.0242	0.1882	3.1849
0.5177	0.4192	0.2676	0.1205	0.1539	0.1856	0.182	0.1849	0.1359	-0.2431	0.2136	-0.0557	-0.0084	-0.0122	0.0106	0.1495	-0.0807	0.0936	-0.0202	0.1228	3.1087
0.4911	0.3933	0.2285	0.0999	0.1274	0.1441	0.1425	0.1577	0.1098	-0.2477	0.1913	-0.0601	-0.0224	-0.0267	0.0118	0.1716	-0.1187	0.0722	-0.0641	0.0699	3.0399
0.4667	0.3721	0.1927	0.0834	0.1148	0.0971	0.1016	0.1251	0.0836	-0.2272	0.1769	-0.0648	-0.0257	-0.0369	-0.0119	0.1735	-0.114	0.0495	-0.0864	0.0541	2.9958
0.4352	0.3391	0.1577	0.0759	0.0918	0.0578	0.0646	0.0945	0.0675	-0.1868	0.1644	-0.0676	-0.0369	-0.0388	-0.0164	0.1685	-0.1301	0.0142	-0.0974	0.0649	2.9759
0.411	0.3028	0.1287	0.0606	0.0698	0.0209	0.0318	0.0659	0.0493	-0.1375	0.1549	-0.0689	-0.0549	-0.0309	-0.0257	0.1554	-0.1234	-0.0203	-0.1142	0.0531	2.92
0.3856	0.2613	0.1121	0.0129	0.0565	-0.0115	-0.006	0.0436	0.0377	-0.094	0.1401	-0.0788	-0.0929	-0.014	-0.0305	0.1392	-0.0989	-0.0489	-0.1058	0.0636	2.8743
0.3612	0.2197	0.0957	0.028	0.0331	-0.0424	-0.025	0.0217	0.0176	-0.113	0.1264	-0.0686	-0.0935	0.0091	-0.0094	0.1311	-0.0433	-0.077	-0.0662	0.096	2.8466
0.3494	0.1799	0.0788	0.04	-0.0012	-0.0634	-0.0473	-0.0011	0.0131	-0.1098	0.1201	-0.0383	-0.0828	0.0108	-0.01	0.1325	-0.0099	-0.1035	0.0003	0.0808	2.8933
0.3345	0.1477	0.0648	0.0406	-0.0066	-0.0841	-0.0615	-0.0214	0.0109	-0.1084	0.087	-0.0254	-0.0438	0.0153	0.003	0.1374	0.0714	-0.1133	-0.0828	-0.0331	2.8036
0.3127	0.1218	0.0447	0.0405	0.0112	-0.0855	-0.0602	-0.0171	-0.0079	-0.0974	0.0653	-0.046	-0.068	0.0023	-0.0388	0.14	0.166	-0.1232	-0.1611	-0.1129	2.6789
0.2941	0.1055	-0.0131	0.0385	0.0185	-0.1077	-0.0867	-0.0395	0.0009	-0.0702	0.054	-0.028	-0.0518	0.0353	-0.007	0.1458	0.303	-0.1361	-0.2037	-0.1524	2.5689
0.2749	0.0855	0.0007	0.0347	0.0153	-0.1194	-0.086	-0.0442	0.0088	-0.0797	0.0289	-0.0247	-0.0487	0.0338	-0.0131	0.1328	0.4616	-0.1504	-0.2199	-0.1674	2.4594
0.2586	0.0656	0.0199	0.0327	0.0021	-0.1148	-0.0779	-0.0363	0.0162	-0.0815	0.0119	-0.0272	-0.0667	0.0111	-0.0039	0.1168	0.7567	-0.1566	-0.2253	-0.1794	2.3536
0.2397	0.0451	0.0217	0.0401	-0.0102	-0.1066	-0.0686	-0.0264	0.0205	-0.0784	0.0035	-0.0283	-0.0784	0.0151	-0.0268	0.1088	0.632	-0.1469	-0.2412	-0.1965	2.2559
0.2174	0.0195	0.0201	0.0398	-0.0045	-0.099	-0.0603	-0.0211	0.0174	-0.0658	-0.0092	-0.021	-0.0803	0.0149	-0.0144	0.1097	0.391	-0.137	-0.211	-0.1943	2.1768
0.2025	-0.0404	0.0175	0.0395	0.0111	-0.0921	-0.0567	-0.0184	0.0192	-0.0548	-0.0117	-0.0198	-0.0746	0.0099	-0.0118	0.1117	0.2536	-0.1302	-0.1781	-0.1674	2.0806
0.1818	-0.0229	0.0145	0.0398	0.0191	-0.0886	-0.0544	-0.0164	0.0182	-0.0494	-0.0123	-0.0217	-0.0785	0.0151	-0.0064	0.1053	0.1436	-0.1323	-0.1901	-0.1649	2.0384
0.1363	-0.0024	0.009	0.027	0.0148	-0.0869	-0.0515	-0.0163	0.0234	-0.0273	-0.0061	-0.012	-0.0797	0.0072	-0.0092	0.0924	0.029	-0.1572	-0.1877	-0.1415	2.0317
0.1132	-0.0008	0.0179	0.008	0.0055	-0.0779	-0.0428	-0.009	0.0213	-0.0174	-0.0033	-0.0114	-0.0677	0.0161	-0.0135	0.0695	-0.0366	-0.1734	-0.1609	-0.0967	1.9719
0.0953	-0.0093	0.02	-0.0086	-0.0091	-0.0724	-0.0449	-0.0097	0.0279	-0.0199	-0.0143	-0.0055	-0.0726	0.0081	-0.0101	0.0539	-0.0769	-0.1624	-0.1514	-0.0687	1.9131
0.0809	-0.0242	0.0193	-0.0176	-0.0307	-0.0674	-0.0355	-0.0051	0.0297	-0.0121	-0.0085	-0.0008	-0.0719	0.0026	-0.0115	0.0646	-0.1063	-0.1505	-0.1377	-0.0634	1.8733
0.074	-0.0243	0.0191	-0.0243	-0.0352	-0.0566	-0.0293	0.0052	0.0276	-0.0132	-0.0039	-0.003	-0.0721	-0.0074	-0.012	0.0777	-0.1233	-0.1312	-0.1284	-0.0588	1.8481
0.0759	-0.0186	0.0052	-0.0242	-0.0335	-0.0552	-0.0289	0.0029	0.0216	-0.0202	0.0034	0.004	-0.0711	0.0034	-0.0116	0.0794	-0.1333	-0.1203	-0.1371	-0.0751	1.8387
0.0783	-0.0102	-0.017	-0.0187	-0.0378	-0.0556	-0.0304	0.0005	0.0128	-0.0193	-0.0044	0.0077	-0.0526	0.0187	-0.0035	0.0779	-0.1507	-0.1212	-0.1615	-0.0991	1.8271
0.0839	-0.0022	-0.0303	-0.0118	-0.0399	-0.0596	-0.0363	-0.0074	0.011	-0.0338	-0.003	0.0041	-0.0483	0.0146	-0.0111	0.0773	-0.1713	-0.1273	-0.1731	-0.1009	1.8147
0.0815	0.0022	-0.0362	-0.0079	-0.034	-0.0627	-0.0412	-0.014	0.0005	-0.0297	-0.0054	-0.0034	-0.0587	0.0017	-0.0046	0.0737	-0.187	-0.1244	-0.1722	-0.0873	1.8109
0.0665	0.0022	-0.0392	0.0052	-0.0259	-0.0632	-0.0425	-0.0215	0.0095	-0.0397	-0.005	-0.0066	-0.0492	0.0066	-0.0026	0.067	-0.1873	-0.1106	-0.1615	-0.0715	1.8123
0.0466	-0.0093	-0.037	0.011	-0.0219	-0.0599	-0.0353	-0.0214	0.0116	-0.0442	-0.0014	0.0026	-0.033	0.0066	0.0034	0.0684	-0.1814	-0.1008	-0.1612	-0.0643	1.8226
0.0339	-0.0325	-0.032	0.0071	-0.0087	-0.0529	-0.0287	-0.0183	0.0085	-0.0485	-0.0061	-0.001	-0.0261	0.0129	0.0116	0.0751	-0.18	-0.1016	-0.1538	-0.0544	1.8433
0.0233	-0.0472	-0.0256	0.0087	0.0018	-0.0444	-0.0214	-0.015	0.0095	-0.0366	-0.0052	0.0019	-0.0166	0.0172	0.0171	0.0743	-0.1754	-0.0954	-0.1478	-0.0443	1.8662
0.0106	-0.0509	-0.018	0.0045	-0.0006	-0.0361	-0.0089	-0.0186	0.0056	-0.0261	-0.0033	0.005	0.0114	0.0344	0.0113	0.0747	-0.1695	-0.0879	-0.1392	-0.0247	1.8996
0.0275	-0.0509	-0.01	0.002	0.0062	-0.0126	0.0163	-0.0097	0.015	-0.0222	-0.013	0.0153	0.0361	0.0419	0.0049	0.0746	-0.1571	-0.0791	-0.1296	-0.0223	1.963
0.0553	-0.0467	-0.0008	-0.0004	0.0055	0.0033	0.0173	-0.0006	0.0243	-0.0194	-0.0108	0.0144	0.056	0.04	0.0101	0.0737	-0.1456	-0.0687	-0.1303	-0.0316	2.0262
0.0671	-0.0449	-0.0042	-0.0014	-0.0056	-0.0011	0.0107	0.0034	0.0197	-0.0227	-0.0065	0.0115	0.0548	0.0355	0.0083	0.0736	-0.1395	-0.0634	-0.1047	-0.0267	2.087
0.0572	-0.0454	-0.0045	0.0009	-0.0191	-0.0084	0.0015	0.0014	0.0174	-0.0334	-0.0043	0.0087	0.0413	0.0202	0.0062	0.074	-0.131	-0.056	-0.0838	-0.0297	2.1542
0.0532	-0.0377	-0.0085	0.0093	-0.0354	-0.0215	-0.0087	-0.0034	0.0132	-0.0323	-0.0028	0.0051	0.0346	0.0234	0.0062	0.0707	-0.1121	-0.0479	-0.0844	-0.0269	2.2379
0.0399	-0.0324	-0.01	0.0307	-0.0532	-0.0319	-0.0158	-0.0101	-0.0003	-0.0344	-0.0068	0.021	0.0456	0.0185	0.0132	0.0706	-0.1048	-0.0459	-0.0721	-0.0013	2.3047
0.0237	-0.0229	-0.0107	0.0519	-0.056	-0.0434	-0.0318	-0.0144	-0.0087	-0.0194	-0.0039	0.0089	0.0082	0.0128	0.0161	0.0712	-0.1077	-0.0414	-0.0417	0.0127	2.3618
0.0261	-0.0261	-0.0271	0.0608	-0.0356	-0.0621	-0.0442	-0.0285	-0.0172	-0.0229	-0.0026	0.0069	-0.0013	0.0206	0.0052	0.0696	-0.0997	-0.0279	-0.0288	0.0153	2.4297
0.0259	-0.0312	-0.0405	0.0619	-0.0101	-0.0796	-0.0516	-0.0359	-0.0219	-0.0237	-0.0039	0.0054	0.0017	0.0283	0.0002	0.069	-0.0874	-0.0189	-0.013	0.0164	2.5248
0.0368	-0.0356	-0.0364	0.0586	0.0059	-0.0875	-0.0523	-0.0471	-0.023	-0.0272	-0.0072	0.0109	0.0097	0.0244	0	0.0722	-0.0792	-0.0166	-0.0068	0.0114	2.6359
0.0478	-0.0398	-0.0139	0.0491	0.0139	-0.0884	-0.0458	-0.0515	-0.0197	-0.0243	-0.0049	-0.0023	-0.0089	0.0156	0.0028	0.072	-0.0753	-0.0177	-0.0209	-0.0155	2.7769
0.0513	-0.0391	0.0154	0.038	0.0121	-0.0874	-0.0253	-0.0488	0.0055	-0.0244	0.0065	-0.0075	-0.0161	0.0298	-0.0159	0.0716	-0.0726	-0.0205	-0.0571	-0.0327	2.9297
0.0444	-0.0534	0.0304	0.0265	0.0114	-0.0775	-0.0053	-0.0214	0.0361	-0.0215	0.0108	0.0056	0.0016	0.0409	-0.0102	0.0699	-0.0773	-0.0331	-0.0945	0.8931	3.0734
0.0368	-0.0868	0.0306	0.0384	0.0127	-0.0614	-0.0008	-0.0002	0.046	-0.0196	0.0136	0.0209	0.0012	0.0523	-0.0022	0.0669	-0.0852	-0.0492	-0.1107	1.1238	3.1727
0.0387	-0.0955	0.029	0.0535	0.0071	-0.0512	-0.0012	0.0156	0.0561	-0.0187	0.0115	0.0233	0.0182	0.0517	0.016	0.0623	-0.0844	-0.0647	-0.1056	0.9866	3.2622
0.0657	-0.0707	0.0228	0.0439	0.0246	-0.0519	-0.0071	0.0181	0.0558	-0.0199	0.0158	0.0183	0.0081	0.0324	0.0163	0.0606	-0.0442	-0.056	-0.0858	0.5174	3.3456
0.0581	-0.0483	0.0159	0.0311	0.047	-0.0508	-0.0053	0.0237	0.0458	-0.0157	0.0321	0.0259	0.0234	0.0564	0.0272	0.0632	-0.0017	-0.0351	-0.0772	0.2996	3.4224
0.0513	-0.0289	0.0031	0.0282	0.0393	-0.0553	-0.0122	0.018	0.0355	-0.0125	0.0331	0.0416	0.0293	0.0736	0.0309	0.0646	0.0189	-0.0298	-0.0693	0.2346	3.4838
0.062	-0.0137	0.0022	0.0305	0.0144	-0.0634	-0.0199	0.0095	0.0423	-0.0121	0.0411	0.0336	0.0222	0.0414	0.0325	0.0668	0.026	-0.0464	-0.0694	0.2096	3.5182
0.0432	-0.0015	0.0254	0.0261	0.0015	-0.0683	-0.0183	0.0065	0.0365	-0.0077	0.0443	0.0368	0.0412	0.0557	0.019	0.0656	0.0283	-0.0609	-0.0718	0.2124	3.5224
