Amplitdue (cm)															Shallow Depth (cm)					
3.81	3.56	3.3	3.05	2.79	2.54	2.29	2.03	1.78	1.52	1.27	1.02	0.76	0.51	0.25	5.3	4.688	4.075	3.463	2.85	2.238
-0.177	-0.2719	-0.2178	-0.1671	-0.1404	-0.1749	-0.1196	-0.0528	-0.0404	-0.1826	-0.2804	-0.2112	-0.0758	0.0307	-0.0069	0.0762	0.1106	-0.0069	0.0614	0.0646	51.7446
-0.1792	-0.2702	-0.219	-0.1667	-0.1271	-0.1663	-0.1107	-0.0455	-0.0399	-0.1696	-0.2596	-0.2235	-0.0571	0.0384	-0.0153	0.0773	0.1032	-0.0155	0.0645	0.0571	51.1582
-0.1814	-0.2684	-0.2059	-0.1582	-0.1157	-0.1625	-0.1091	-0.0449	-0.0373	-0.1691	-0.245	-0.2143	-0.0543	0.0441	-0.0015	0.0748	0.0887	-0.0322	0.0671	0.0453	50.4692
-0.169	-0.2632	-0.1981	-0.1634	-0.1127	-0.1562	-0.0999	-0.0413	-0.0313	-0.1728	-0.2438	-0.2189	-0.0375	0.0227	0.0182	0.08	0.0774	-0.0524	0.0675	0.0439	49.9085
-0.1566	-0.2365	-0.1805	-0.1517	-0.1037	-0.1519	-0.0961	-0.0363	-0.0171	-0.1797	-0.2418	-0.2234	-0.0231	-0.0007	0.008	0.0814	0.0772	-0.0653	0.0601	0.0325	49.4451
-0.1478	-0.2264	-0.1755	-0.1382	-0.1032	-0.1327	-0.0782	-0.0198	-0.0113	-0.1698	-0.2303	-0.2348	-0.0411	0.0222	0.0079	0.0846	0.1224	-0.0598	0.0593	0.04	48.7759
-0.1322	-0.3161	-0.1695	-0.1335	-0.0972	-0.1203	-0.0708	-0.013	0.0013	-0.1619	-0.2187	-0.2563	-0.0679	0.0229	-0.0075	0.0872	0.1484	-0.0723	0.0679	0.0424	48.2454
-0.2029	-0.2018	-0.1673	-0.1024	-0.0918	-0.1181	-0.072	-0.0158	-0.0021	-0.1638	-0.2163	-0.2372	-0.0621	0.0052	0.0052	0.0871	0.1315	-0.0806	0.0825	0.0454	47.8142
-0.1207	-0.1913	-0.1684	-0.0861	-0.0849	-0.1094	-0.069	-0.0122	-0.0018	-0.1559	-0.2309	-0.2256	-0.0355	0.0021	0.005	0.0956	0.0901	-0.085	0.1075	0.0579	47.5025
-0.1175	-0.178	-0.1716	-0.0912	-0.0665	-0.0974	-0.0591	-0.0079	0.0152	-0.1716	-0.2205	-0.2248	-0.0421	0.0106	0.0061	0.1007	0.0547	-0.0824	0.1127	0.0614	46.8392
-0.1111	-0.1784	-0.1597	-0.0863	-0.0476	-0.0913	-0.0529	0.0057	0.0205	-0.1514	-0.2039	-0.2147	-0.0649	0.0161	0.0278	0.1034	0.0551	-0.0838	0.1233	0.0695	46.1886
-0.0984	-0.1641	-0.151	-0.084	-0.038	-0.074	-0.0416	0.0176	-0.0083	-0.1453	-0.1899	-0.1736	-0.0477	0.0112	-0.0053	0.099	0.0616	-0.0809	0.1336	0.0725	45.8399
-0.0773	-0.1593	-0.1343	-0.0566	-0.03	-0.0711	-0.0394	0.0197	-0.0104	-0.1691	-0.2055	-0.1901	-0.0775	-0.0058	0.0056	0.1032	0.0863	-0.0714	0.1424	0.0784	45.348
-0.0686	-0.1618	-0.1137	-0.051	-0.025	-0.0615	-0.0293	0.0226	0.0212	-0.1642	-0.2035	-0.2181	-0.0306	0.0255	0.0125	0.121	0.0987	-0.0622	0.1432	0.0827	44.7596
-0.063	-0.1404	-0.1098	-0.042	-0.0161	-0.0519	-0.0189	0.04	0.0267	-0.1455	-0.1811	-0.2274	-0.0804	0.0004	0.0266	0.1292	0.1224	-0.0576	0.1564	0.0925	44.1134
-0.0575	-0.1312	-0.1046	-0.0411	0.0017	-0.0583	-0.0292	0.0247	0.0521	-0.1334	-0.1825	-0.2371	-0.082	-0.0066	0.0069	0.1378	0.1138	-0.0562	0.1609	0.0926	43.56
-0.0595	-0.1255	-0.0902	-0.0352	-0.0006	-0.0474	-0.01	0.0435	0.0605	-0.1419	-0.19	-0.237	-0.0887	0.0054	0.0157	0.1376	0.1043	-0.0445	0.1549	0.0952	43.2305
-0.0654	-0.1144	-0.0747	-0.0298	0.0051	-0.0492	-0.0158	0.036	0.075	-0.1407	-0.1943	-0.2076	-0.0406	0.0315	0.0313	0.1419	0.0867	-0.0306	0.1661	0.1032	42.7388
-0.0671	-0.1043	-0.0597	-0.0108	0.0079	-0.0304	0.0016	0.0551	0.0609	-0.1362	-0.1812	-0.212	-0.0521	0.0463	0.0149	0.1439	0.0711	-0.0077	0.1649	0.1112	42.0363
-0.058	-0.1079	-0.0487	-0.0095	0.0152	-0.0221	-0.0057	0.059	0.0447	-0.1287	-0.1694	-0.1988	-0.0568	0.015	-0.0071	0.1569	0.0648	-0.0198	0.1744	0.1295	41.4751
-0.0622	-0.1069	-0.0414	-0.0061	0.0261	-0.0253	-0.0067	0.0394	0.0499	-0.1524	-0.1718	-0.2449	-0.0723	-0.0174	-0.0361	0.1558	0.0651	-0.0191	0.1692	0.1492	40.9989
-0.0606	-0.0891	-0.0398	-0.0159	0.0192	-0.0213	0.0049	0.0403	0.0472	-0.1439	-0.1555	-0.2343	-0.0824	0.0248	-0.0132	0.1571	0.0757	0.0081	0.1882	0.1725	40.5992
-0.0523	-0.059	-0.0334	-0.0202	0.0147	-0.0169	-0.0021	0.0464	0.0484	-0.1269	-0.1751	-0.252	-0.0887	0.0273	-0.0188	0.1791	0.0222	-0.0063	0.172	0.1649	39.8991
-0.0117	-0.068	-0.0206	-0.0039	0.0166	-0.0206	0.0046	0.0414	0.0664	-0.1162	-0.1607	-0.2536	-0.1041	0.0296	0.0033	0.1683	-0.0069	0.0035	0.1502	0.1675	39.2668
-0.0205	-0.0531	-0.0111	0.0075	0.0128	-0.004	0.0176	0.0507	0.0592	-0.1387	-0.1726	-0.2173	-0.0793	0.0322	-0.0066	0.1679	-0.0184	0.0068	0.1489	0.1748	39.1344
0.0039	-0.0599	-0.013	0.0146	0.037	-0.006	0.0179	0.049	0.054	-0.1398	-0.1737	-0.2384	-0.0731	0.0378	-0.038	0.1665	0.0008	0.0206	0.1384	0.1799	38.8587
-0.0025	-0.0712	-0.0173	0.0227	0.0459	0.0073	0.0235	0.0533	0.0415	-0.1192	-0.1737	-0.267	-0.098	0.039	-0.035	0.1599	0.0439	0.0403	0.1675	0.1949	38.2041
0.0006	-0.0646	-0.0195	0.0256	0.0525	0.0107	0.0218	0.0476	0.0449	-0.1014	-0.1621	-0.2603	-0.1063	0.0506	-0.0135	0.1633	0.0421	0.0421	0.1763	0.19	37.6084
0.0125	-0.031	-0.0132	0.0435	0.0514	0.0009	0.0217	0.0416	0.0568	-0.1006	-0.136	-0.2442	-0.0796	0.047	0.0019	0.1651	0.0202	0.0429	0.1687	0.1858	37.0651
0.0385	-0.0385	0.004	0.0486	0.0513	0.0137	0.0367	0.0543	0.0699	-0.1127	-0.1437	-0.2431	-0.0817	0.0422	-0.0201	0.1535	0.0114	0.0474	0.1768	0.1802	36.7517
0.0084	-0.0389	0.0116	0.0443	0.0559	0.0189	0.039	0.0617	0.0675	-0.104	-0.1354	-0.2473	-0.0724	0.0602	0.0065	0.1481	-0.0134	0.0457	0.155	0.1572	36.2954
-0.0023	-0.0552	0.0176	0.0504	0.0663	0.029	0.0369	0.0729	0.0614	-0.088	-0.1491	-0.2445	-0.072	0.042	-0.0187	0.1391	-0.0052	0.0631	0.144	0.1727	35.9423
0.0152	-0.0586	0.0241	0.0674	0.0631	0.0304	0.047	0.0696	0.0707	-0.0518	-0.1681	-0.2444	-0.0708	0.0444	-0.0203	0.1328	0.007	0.0635	0.145	0.191	35.7032
0.0102	-0.042	0.0331	0.0683	0.0706	0.0419	0.0597	0.0694	0.106	-0.082	-0.1882	-0.2623	-0.074	0.0756	-0.019	0.1304	0.0035	0.0805	0.154	0.2139	35.3623
0.0195	-0.0197	0.0544	0.0768	0.0903	0.0577	0.0877	0.0886	0.1213	-0.0834	-0.1748	-0.2655	-0.0979	0.0626	-0.0048	0.1216	0.0087	0.0882	0.1696	0.2214	34.6602
0.0241	-0.0166	0.0485	0.0798	0.1119	0.0744	0.0936	0.1263	0.0826	-0.0394	-0.1475	-0.231	-0.0559	0.047	-0.0212	0.1155	0.0278	0.0995	0.1707	0.2367	33.9155
0.0061	-0.0222	0.0475	0.0894	0.1052	0.0463	0.0756	0.1049	0.1021	-0.0214	-0.1587	-0.2539	-0.0972	0.0182	-0.0245	0.1077	0.0229	0.0953	0.1635	0.2412	33.4457
-0.0191	-0.008	0.0645	0.1008	0.104	0.0609	0.1003	0.1133	0.1335	-0.0424	-0.176	-0.246	-0.1058	0.0278	0.0065	0.0979	0.0207	0.1245	0.1644	0.2616	33.1719
0.0053	-0.0388	0.071	0.1064	0.1204	0.0776	0.1309	0.1428	0.1358	-0.0451	-0.1638	-0.2556	-0.0663	0.0251	0.012	0.1032	0.0357	0.1344	0.1823	0.2809	32.8891
-0.0101	0.0006	0.0697	0.1061	0.1209	0.0877	0.1344	0.1499	0.1195	-0.0304	-0.1543	-0.2534	-0.0716	0.0401	0.0383	0.0903	0.0132	0.1156	0.1701	0.2823	32.6452
0.0351	0.0101	0.0796	0.1168	0.1419	0.0854	0.1436	0.1418	0.1302	-0.0122	-0.1487	-0.2714	-0.0858	0.0466	0.0437	0.0698	0.0188	0.1232	0.1858	0.2865	32.3419
0.0197	0.0406	0.0854	0.1401	0.1424	0.0829	0.1462	0.1372	0.1439	-0.0063	-0.1684	-0.2578	-0.0744	0.0594	0.0223	0.0755	0.0431	0.1204	0.2018	0.2885	32.0313
0.0316	0.0409	0.0931	0.1497	0.1504	0.1039	0.1648	0.1532	0.1583	-0.0107	-0.1707	-0.2779	-0.0782	0.004	-0.0156	0.0739	0.0607	0.1106	0.2146	0.297	31.4784
0.0413	0.0469	0.1101	0.1436	0.1743	0.1113	0.1692	0.1594	0.1549	-0.0002	-0.1647	-0.2667	-0.0898	0.006	0.02	0.0635	0.0613	0.0981	0.2192	0.2873	30.8763
0.0482	0.0352	0.1157	0.1434	0.1923	0.1154	0.1697	0.1648	0.157	0.0207	-0.1634	-0.243	-0.0805	0.0269	-0.0065	0.0478	0.0604	0.1011	0.2087	0.2891	30.6797
0.0451	0.046	0.1217	0.1509	0.1928	0.1211	0.1762	0.1662	0.1725	0.0332	-0.1169	-0.2358	-0.0946	0.0145	-0.0045	0.0515	0.0699	0.1106	0.2355	0.2994	30.5242
0.0528	-0.073	0.1381	0.155	0.1827	0.1254	0.1854	0.1787	0.1967	0.0276	-0.1384	-0.2454	-0.099	0.0171	0.0336	0.059	0.0734	0.1065	0.2489	0.3407	30.3419
-0.0259	-0.1056	0.1615	0.1582	0.1888	0.1444	0.2027	0.2015	0.1982	0.0167	-0.1298	-0.2441	-0.1004	-0.0161	0.0122	0.0569	0.0745	0.0722	0.2746	0.333	30.1757
-0.0776	0.0741	0.1529	0.1604	0.1895	0.1462	0.196	0.195	0.1924	0.0308	-0.0875	-0.2356	-0.0902	-0.0017	0.0603	0.0633	0.0922	0.0204	0.2722	0.348	30.0559
0.0376	0.083	0.1517	0.1694	0.1941	0.1534	0.2074	0.1881	0.1983	0.0568	-0.0884	-0.2294	-0.0727	-0.0106	0.0902	-0.0733	0.1201	0.0622	0.3338	0.4098	29.3202
0.0172	0.0947	0.1484	0.16	0.1902	0.1644	0.2035	0.1937	0.2218	0.0566	-0.1112	-0.2557	-0.1035	-0.0271	0.0778	0.0455	0.1597	0.0643	0.3633	0.4744	28.5443
0.0243	0.1503	0.1476	0.1637	0.1981	0.1722	0.2208	0.2111	0.23	0.0481	-0.1058	-0.2656	-0.1158	0.0218	0.0594	0.0758	0.2104	0.0761	0.3849	0.4442	28.0669
0.0622	0.1185	0.1614	0.1837	0.1917	0.1915	0.2254	0.2254	0.2147	0.0803	-0.1108	-0.2543	-0.1129	0.004	0.071	0.0775	0.2412	0.0915	0.342	0.4484	27.5986
0.0308	0.1044	0.1633	0.2135	0.2002	0.1823	0.2109	0.2237	0.2263	0.0719	-0.1094	-0.2486	-0.0937	0.0091	0.0687	0.0891	0.2426	0.078	0.2989	0.4336	27.2951
0.0142	0.1072	0.1646	0.2442	0.2187	0.1856	0.2229	0.2101	0.2164	0.0849	-0.0855	-0.1745	-0.0386	0.0817	0.0748	0.0939	0.2123	0.0567	0.2572	0.4085	27.3358
0.0043	0.1052	0.1424	0.2563	0.2461	0.1907	0.2115	0.2174	0.2059	0.0756	-0.0753	-0.1738	-0.072	0.0273	0.057	0.0948	0.1526	0.0018	0.2253	0.3878	27.5934
-0.0081	0.128	0.1517	0.2543	0.2823	0.1805	0.2184	0.1993	0.231	0.0931	-0.0852	-0.1354	-0.0128	0.0778	0.0669	0.0936	0.1212	-0.0211	0.1932	0.4045	27.9237
0.0077	0.1211	0.1827	0.2597	0.301	0.2089	0.2496	0.2217	0.2335	0.1408	-0.0727	-0.1771	-0.0498	0.1033	0.0303	0.0967	0.1351	0.0121	0.2257	0.452	27.1192
0.0128	0.1306	0.2236	0.272	0.2888	0.2101	0.2562	0.2383	0.276	0.1541	-0.0675	-0.2	-0.1126	-0.0083	0.0289	0.1024	0.1403	0.0022	0.2581	0.4445	26.7128
0.02	0.0929	0.2386	0.2848	0.2931	0.2403	0.2907	0.2632	0.2987	0.1396	-0.0538	-0.1838	-0.02	0.0852	0.0298	0.1092	0.116	-0.028	0.2788	0.4819	27.079
0.0278	0.0817	0.2398	0.2827	0.2965	0.2607	0.309	0.3016	0.2916	0.144	-0.063	-0.2361	-0.0766	0.0597	0.1385	0.1086	0.1462	-0.0066	0.3199	0.4722	27.3496
0.0472	0.1109	0.2441	0.2824	0.3036	0.2584	0.308	0.306	0.2841	0.163	-0.0252	-0.2184	-0.0791	0.051	0.1585	0.1267	0.1917	0.0381	0.3382	0.4559	27.8518
0.0385	0.1834	0.2374	0.2853	0.3171	0.2597	0.3041	0.3137	0.2896	0.1829	-0.0422	-0.216	-0.0618	0.0343	0.2184	0.14	0.1798	0.0303	0.358	0.5147	28.3465
0.0123	0.2	0.2394	0.3064	0.325	0.256	0.302	0.3038	0.3098	0.179	-0.0705	-0.2142	-0.0456	0.0605	0.2736	0.1571	0.151	-0.0049	0.3135	0.4845	28.2906
0.0219	0.1925	0.2518	0.3264	0.327	0.2714	0.3267	0.314	0.3118	0.1706	-0.0344	-0.2208	-0.0494	0.0975	0.0328	0.1605	0.1227	-0.0382	0.3237	0.5042	28.7263
0.0501	0.1872	0.2547	0.3252	0.3337	0.2944	0.3394	0.3401	0.3166	0.1774	-0.0487	-0.2407	-0.045	0.089	0.0843	0.1531	0.1146	0.0005	0.329	0.5158	29.0108
0.0368	0.1814	0.2693	0.3553	0.3457	0.2939	0.34	0.3335	0.3197	0.2184	-0.0468	-0.2303	-0.026	0.0831	0.0409	0.1579	0.0979	0.0292	0.3241	0.5031	29.4954
0.0021	0.1757	0.2716	0.3679	0.3329	0.3006	0.3474	0.339	0.3293	0.2295	-0.0292	-0.2274	-0.013	0.0797	0.0325	0.1648	0.0973	0.0479	0.3549	0.5596	29.2504
-0.0135	0.1783	0.283	0.3822	0.3525	0.3063	0.3624	0.3504	0.3618	0.2233	-0.0115	-0.2441	-0.0181	0.096	0.0739	0.1696	0.1186	0.0673	0.3839	0.5703	29.0646
-0.0116	0.1994	0.2951	0.371	0.3761	0.3279	0.3959	0.3731	0.362	0.2095	0.0688	-0.2394	-0.0064	0.122	0.0832	0.1861	0.0966	0.0414	0.3792	0.5958	29.3111
-0.0014	0.2103	0.2898	0.3296	0.3979	0.3394	0.3939	0.3913	0.3549	0.2296	0.059	-0.2127	-0.012	0.0931	0.0939	0.1924	0.0769	0.0406	0.3337	0.5804	29.308
0.014	0.1979	0.3074	0.2566	0.415	0.3381	0.3977	0.3821	0.3656	0.2408	0.0411	-0.2045	0.0028	0.0945	0.0975	0.1964	0.0772	0.0515	0.3375	0.5916	29.5498
0.0253	0.1983	0.3243	0.1814	0.4069	0.3434	0.42	0.3912	0.3886	0.2367	0.0098	-0.2089	-0.0078	0.068	0.0968	0.198	0.082	0.0822	0.3805	0.7014	29.4998
0.018	0.2116	0.3363	0.1622	0.3631	0.3619	0.4494	0.4016	0.4113	0.2003	0.0054	-0.2246	-0.0272	0.0816	0.1469	0.2026	0.0813	0.101	0.432	0.7377	28.7118
0.0106	0.1922	0.341	0.2195	0.3114	0.3894	0.465	0.4228	0.4089	0.211	0.0152	-0.1784	0.0049	0.0962	0.132	0.2104	0.112	0.1537	0.4585	0.7199	28.3352
-0.0051	0.221	0.2857	0.392	0.2963	0.3857	0.4801	0.4268	0.4144	0.2396	0.0005	-0.1872	0.0052	0.0611	0.0953	0.2153	0.0989	0.1401	0.4644	0.656	28.2035
0.002	0.2409	0.1797	0.4788	0.3269	0.3982	0.4768	0.4327	0.4521	0.2459	-0.0065	-0.2157	0.0088	0.0608	0.0979	0.2146	0.0778	0.1022	0.4108	0.6341	28.02
0.0091	0.2526	0.0801	0.484	0.4116	0.4107	0.5038	0.4675	0.4714	0.2466	0.0118	-0.243	-0.0157	0.1204	0.101	0.2121	0.0781	0.1103	0.4537	0.6594	27.8436
-0.0013	0.2641	0.0263	0.4958	0.5072	0.4213	0.5159	0.485	0.4719	0.2577	0.0077	-0.2225	-0.0288	0.1217	0.1095	0.2119	0.0713	0.1066	0.4442	0.5794	27.7028
0.0085	0.2667	0.096	0.5015	0.5208	0.4393	0.5289	0.5028	0.4669	0.2865	0.0189	-0.1863	0.0058	0.1164	0.0839	0.2092	0.0695	0.0966	0.4619	0.5488	28.2088
0.0123	0.2703	0.3332	0.4759	0.5383	0.4371	0.5224	0.4909	0.4658	0.3081	0.0044	-0.1829	0.0217	0.1106	0.0739	0.2043	0.0758	0.1072	0.4837	0.5843	28.7056
0.0047	0.2815	0.4441	0.4075	0.5657	0.4494	0.5452	0.4845	0.4818	0.297	0.0223	-0.1985	-0.0149	0.0851	0.082	0.2007	0.0844	0.1128	0.4841	0.592	28.7175
-0.0148	0.289	0.4321	0.2998	0.5604	0.4649	0.5626	0.5049	0.4809	0.2823	0.0558	-0.1994	-0.0159	0.106	0.0984	0.2042	0.0788	0.103	0.4883	0.5885	28.4518
-0.0264	0.2904	0.443	0.2025	0.5298	0.4781	0.5589	0.5049	0.4915	0.2801	0.0845	-0.1702	-0.0021	0.1246	0.082	0.2069	0.0633	0.1166	0.4966	0.5739	28.2011
-0.0136	0.2963	0.4477	0.1869	0.4576	0.4762	0.5689	0.507	0.4953	0.3018	0.0876	-0.1825	-0.0134	0.1029	0.0517	0.2013	0.0573	0.1578	0.5356	0.6054	28.4683
-0.0222	0.3041	0.417	0.4389	0.3766	0.4807	0.5659	0.5254	0.5181	0.2806	0.0699	-0.1953	-0.0032	0.1051	0.0648	0.2011	0.0678	0.2011	0.5565	0.639	29.0781
-0.0213	0.3117	0.3384	0.5802	0.335	0.496	0.5874	0.549	0.5382	0.2441	0.0683	-0.2266	-0.0274	0.1327	0.0738	0.2008	0.0901	0.2541	0.5598	0.7338	29.2711
-0.024	0.3363	0.2088	0.5565	0.4496	0.5095	0.6023	0.5733	0.5399	0.2257	0.0831	-0.1868	-0.0073	0.1395	0.1019	0.195	0.1093	0.2633	0.6019	0.7669	29.4358
-0.0059	0.3328	0.0823	0.5486	0.6148	0.5002	0.5885	0.5802	0.5529	0.2612	0.0783	-0.1205	0.1059	0.181	0.0979	0.1981	0.1299	0.2431	0.7007	0.8354	30.0096
0.0057	0.3303	0.0249	0.5679	0.6343	0.4918	0.5881	0.6009	0.5749	0.2887	0.0854	-0.0699	0.1434	0.162	0.0815	0.2017	0.1679	0.2179	0.6122	0.8026	29.7925
0.0056	0.3228	0.3533	0.5855	0.6209	0.5104	0.6207	0.6165	0.5633	0.2867	0.1252	-0.0437	0.1331	0.1135	0.0247	0.1985	0.248	0.2047	0.5536	0.8086	29.728
-0.0252	0.3371	0.4997	0.5984	0.6385	0.5276	0.6283	0.6249	0.5374	0.2836	0.1486	-0.0587	0.1412	0.1563	0.113	0.1968	0.3256	0.2094	0.5819	0.7952	30.2943
-0.0469	0.3497	0.4859	0.6022	0.6426	0.5362	0.6288	0.5914	0.5287	0.3218	0.1398	-0.1	0.1162	0.1437	0.0639	0.1885	0.334	0.2368	0.6838	0.8385	31.0667
-0.0238	0.3454	0.447	0.6186	0.6458	0.5285	0.6251	0.5865	0.5475	0.3541	0.1393	-0.1244	0.0728	0.1032	0.0937	0.1661	0.3575	0.3091	0.8723	0.9731	31.8002
0.0293	0.3387	0.4628	0.6392	0.6377	0.5264	0.6379	0.6135	0.5762	0.3411	0.1351	-0.1354	0.0579	0.0839	0.0575	0.1746	0.515	0.4169	1.1492	1.009	32.4402
0.3951	0.3466	0.4841	0.6502	0.6361	0.5232	0.6461	0.6349	0.5684	0.3336	0.1253	-0.1716	-0.0051	0.1145	0.1338	0.1833	0.6426	0.466	1.1593	0.9469	31.987
2.9697	0.3482	0.4983	0.645	0.6639	0.5268	0.6509	0.6556	0.5472	0.3563	0.1013	-0.1518	-0.0165	0.0773	0.0695	0.1809	0.5575	0.4067	0.8304	0.8874	31.5892
3.4561	0.3705	0.498	0.6439	0.6862	0.5099	0.6332	0.6278	0.5467	0.3861	0.084	-0.173	-0.0008	0.0781	0.1131	0.1689	0.4208	0.3664	0.7608	0.7805	30.944
1.1087	0.4024	0.5151	0.6706	0.699	0.5099	0.6332	0.6364	0.5675	0.3834	0.074	-0.2053	-0.0255	0.0801	0.0652	0.1636	0.3887	0.3803	0.6998	0.7558	30.4335
0.1668	0.4032	0.5257	0.6792	0.6931	0.5444	0.6731	0.6569	0.5821	0.3516	0.0645	-0.2082	-0.0452	0.0501	0.0723	0.1694	0.3561	0.3553	0.6258	0.7609	29.8204
0.0042	0.4031	0.543	0.6964	0.7129	0.5627	0.6849	0.669	0.5573	0.3476	0.0599	-0.1642	0.0104	0.09	0.056	0.176	0.3021	0.3752	0.6219	0.7604	29.428
-0.0366	0.4037	0.5407	0.6869	0.738	0.567	0.6612	0.6687	0.5379	0.3776	0.1233	-0.1522	0.0234	0.0827	0.0419	0.1823	0.2979	0.4536	0.6725	0.8272	29.2477
-0.049	0.4103	0.536	0.6477	0.7302	0.5379	0.6525	0.6325	0.5573	0.3816	0.1341	-0.182	-0.0576	0.0646	0.0286	0.1862	0.3081	0.516	0.7131	0.9102	29.3428
-0.0474	0.4357	0.5643	0.6353	0.7107	0.5345	0.6517	0.644	0.5742	0.347	0.1331	-0.2215	-0.0872	0.0682	0.033	0.1828	0.3299	0.5188	0.6611	0.8839	29.604
-0.0313	0.4432	0.5783	0.6472	0.6914	0.5341	0.6549	0.6565	0.5649	0.3523	0.1469	-0.1868	-0.0743	0.07	0.0195	0.1733	0.3191	0.4331	0.6074	0.8474	29.3167
-0.0289	0.4455	0.591	0.639	0.664	0.5348	0.6373	0.6522	0.5642	0.3579	0.1594	-0.1654	-0.0495	0.0618	0.0248	0.1882	0.3148	0.3617	0.6121	0.8403	29.0188
-0.0215	0.4548	0.5704	0.6363	0.6697	0.5327	0.6622	0.6495	0.5705	0.3384	0.1665	-0.1695	-0.0697	0.0642	0.0277	0.195	0.2783	0.3116	0.552	0.8139	28.5299
-0.0045	0.4558	0.5483	0.6145	0.6762	0.5675	0.7007	0.6859	0.5552	0.3354	0.1719	-0.1668	-0.0816	0.0532	0.0341	0.1869	0.2385	0.296	0.5754	0.8747	28.5914
-0.0023	0.4821	0.5459	0.5996	0.6479	0.5632	0.6948	0.6816	0.5479	0.3226	0.1853	-0.1506	-0.0503	0.0875	0.044	0.1673	0.3415	0.3065	0.5661	0.8867	28.9311
-0.0213	0.5023	0.5494	0.5886	0.6285	0.5359	0.6637	0.6439	0.5491	0.3339	0.1964	-0.1431	-0.0227	0.0611	0.054	0.179	0.3433	0.3156	0.523	0.7563	28.7159
-0.0199	0.495	0.548	0.5868	0.6203	0.5282	0.6645	0.6226	0.5515	0.3484	0.1783	-0.1297	-0.0105	0.0505	0.0431	0.1818	0.3275	0.297	0.528	0.7604	28.1924
0.0011	0.4649	0.5526	0.6008	0.6331	0.5182	0.6634	0.6297	0.5629	0.3296	0.2071	-0.1423	-0.0287	0.059	0.0507	0.1769	0.31	0.2513	0.6334	0.982	27.9934
-0.0124	0.4298	0.5439	0.6057	0.6462	0.5194	0.6452	0.64	0.5556	0.2856	0.2301	-0.151	-0.0446	0.1023	0.0433	0.1799	0.3526	0.2719	0.7637	0.96	27.9188
-0.037	0.422	0.5355	0.5887	0.6421	0.461	0.5969	0.6098	0.5418	0.2925	0.2475	-0.1426	-0.0314	0.0876	0.0369	0.2138	0.3426	0.2398	0.6876	0.7404	27.3104
-0.0726	0.4278	0.5381	0.5659	0.6611	0.4444	0.6041	0.5733	0.5344	0.3206	0.2231	-0.1099	-0.0469	0.0585	0.0634	0.2054	0.2639	0.2142	0.595	0.6986	27.2372
-0.0845	0.4368	0.535	0.5705	0.6591	0.4911	0.6347	0.5702	0.546	0.3072	0.1908	-0.0727	-0.0491	0.0771	0.0693	0.178	0.298	0.2696	0.6185	0.7727	27.2855
-0.0868	0.4459	0.5399	0.5613	0.6331	0.4759	0.621	0.6008	0.569	0.3011	0.1773	-0.0777	-0.0853	0.1049	0.0762	0.2159	0.3672	0.3181	0.6075	0.8088	26.4538
-0.0779	0.4283	0.5391	0.5929	0.6141	0.5343	0.6713	0.596	0.5555	0.3049	0.2135	-0.0753	-0.0648	0.0919	0.0722	0.2339	0.3684	0.3453	0.5605	0.791	25.7364
-0.0794	0.426	0.5127	0.5818	0.6024	0.5923	0.6883	0.5978	0.5384	0.3206	0.2349	-0.0694	-0.0453	0.0854	0.0569	0.2449	0.3495	0.3525	0.5294	0.6736	25.0471
-0.0937	0.4188	0.4897	0.5753	0.5754	0.5456	0.6429	0.582	0.5357	0.3355	0.2369	-0.0666	-0.0569	0.0953	0.0524	0.2509	0.3604	0.3779	0.4579	0.6783	24.5238
-0.0999	0.4118	0.4994	0.5534	0.5702	0.5045	0.6167	0.5674	0.5289	0.3166	0.2259	-0.0853	-0.0848	0.0899	0.0706	0.2498	0.3342	0.3491	0.4037	0.6922	24.7291
-0.1055	0.4046	0.4826	0.5396	0.5433	0.5158	0.6128	0.561	0.5163	0.3078	0.2245	-0.0842	-0.0952	0.097	0.0769	0.2534	0.3455	0.3581	0.3694	0.7164	25.3208
-0.1015	0.3923	0.5021	0.5298	0.5132	0.5168	0.6095	0.5539	0.5106	0.2633	0.2544	-0.0774	-0.063	0.1116	0.0892	0.2461	0.3068	0.2796	0.4148	0.7243	25.8364
-0.0895	0.3859	0.5206	0.4916	0.481	0.4954	0.5998	0.5562	0.4989	0.2278	0.2616	-0.0685	-0.0373	0.1109	0.097	0.2329	0.2412	0.2059	0.3915	0.5569	25.2218
-0.0985	0.3844	0.5333	0.4396	0.4715	0.4778	0.5825	0.5371	0.4695	0.1915	0.2332	-0.103	-0.0558	0.0908	0.0796	0.2116	0.2095	0.1965	0.3619	0.4926	24.5612
-0.1013	0.3921	0.5164	0.4133	0.458	0.4435	0.5217	0.5115	0.4577	0.1582	0.2184	-0.1107	-0.0629	0.0785	0.0611	0.2244	0.2539	0.1987	0.3296	0.5631	24.5676
-0.091	0.4052	0.4858	0.3937	0.4429	0.3899	0.4741	0.4719	0.4387	0.1292	0.2247	-0.1132	-0.0478	0.0804	0.0553	0.2184	0.2309	0.1821	0.3866	0.7083	25.0876
-0.0823	0.4136	0.47	0.3773	0.4259	0.3274	0.4282	0.4367	0.4086	0.098	0.223	-0.1013	-0.0378	0.1002	0.0966	0.194	0.2267	0.2271	0.4801	0.737	26.1997
-0.0738	0.4276	0.4505	0.3446	0.3888	0.28	0.4018	0.4065	0.3859	0.0857	0.2261	-0.0987	-0.0325	0.1455	0.0995	0.1656	0.2552	0.2236	0.3575	0.5871	26.1309
-0.0454	0.4333	0.4229	0.3089	0.3674	0.2653	0.367	0.3799	0.3815	0.0579	0.2154	-0.1159	-0.063	0.0907	0.0908	0.1158	0.2148	0.1266	0.3486	0.5125	26.2063
-0.02	0.4321	0.4034	0.2744	0.3163	0.2882	0.3676	0.3675	0.3762	0.046	0.2121	-0.1103	-0.0585	0.1135	0.0812	0.0849	0.1871	0.0637	0.3778	0.4979	26.5034
0.0033	0.4369	0.3928	0.2367	0.2677	0.291	0.364	0.3421	0.3619	0.021	0.1984	-0.0928	-0.0454	0.1261	0.0558	0.142	0.2923	0.0776	0.3648	0.5268	26.2245
0.0022	0.4382	0.3878	0.1926	0.2218	0.2839	0.337	0.3091	0.3218	0.0049	0.2043	-0.121	-0.0411	0.0729	-0.0102	0.1656	0.356	0.1002	0.4072	0.6882	26.6671
0.0074	0.4112	0.3595	0.1589	0.2075	0.2653	0.3116	0.288	0.2939	-0.0002	0.1974	-0.163	-0.0737	0.0265	0.0359	0.1656	0.3675	0.1474	0.4087	0.7293	26.3833
0.0391	0.3669	0.3218	0.1299	0.2088	0.2263	0.2579	0.251	0.2616	-0.0031	0.1767	-0.1732	-0.0928	0.0456	0.0304	0.1373	0.3102	0.1838	0.3659	0.6585	26.4188
0.0558	0.3489	0.2883	0.0817	0.1675	0.1687	0.2148	0.2294	0.2408	-0.0144	0.1633	-0.1401	-0.0427	0.0368	0.0382	0.1067	0.1653	0.3653	0.3814	0.5949	26.7761
0.0757	0.3384	0.244	0.0446	0.1418	0.1128	0.1865	0.1866	0.2199	-0.0548	0.1636	-0.15	-0.0404	0.0068	0.0574	0.1176	0.1738	0.353	0.3077	0.4669	26.4005
0.0639	0.3599	0.2176	0.0115	0.1144	0.0634	0.1557	0.1619	0.1921	-0.0534	0.14	-0.1439	-0.0593	0.0098	0.0435	0.1009	0.2011	0.3771	0.3081	0.4685	26.1157
0.0576	0.3442	0.181	-0.0144	0.0825	0.0391	0.127	0.1415	0.1642	-0.0618	0.1328	-0.1296	-0.0526	0.0018	0.0432	0.0712	0.1748	0.2412	0.2988	0.4638	25.8271
0.0552	0.2914	0.1602	-0.0315	0.0463	0.0332	0.0981	0.1005	0.1417	-0.0671	0.1203	-0.1532	-0.0607	0.0005	0.0552	0.0495	0.1827	0.1895	0.3288	0.5172	25.752
0.0508	0.2229	0.1134	-0.0348	0.0215	0.017	0.0972	0.0967	0.1236	-0.0806	0.0855	-0.1632	-0.0798	-0.0072	0.0358	0.0427	0.2348	0.2907	0.2874	0.4775	25.3622
0.0055	0.1681	0.0639	-0.0013	0.0149	0.0197	0.0842	0.0845	0.0945	-0.0933	0.07	-0.1603	-0.1042	-0.0214	0.008	0.0623	0.2025	0.2556	0.1895	0.3092	24.7464
-0.0239	0.1364	0.0156	0.0151	-0.0049	-0.0024	0.0519	0.0648	0.0629	-0.1024	0.04	-0.1798	-0.1167	-0.0405	0.0064	0.0987	0.1222	0.1525	0.1062	0.2156	24.2889
-0.0495	0.1225	-0.0249	0.041	-0.0035	-0.0544	0.0043	0.0367	0.018	-0.1042	0.0514	-0.1756	-0.1304	-0.0603	0.0259	0.1089	0.0904	0.084	0.099	0.2158	24.0469
-0.099	0.0782	-0.0537	0.0525	0.0007	-0.1005	-0.0431	-0.0034	-0.0069	-0.0969	0.0408	-0.1603	-0.1213	-0.0754	0.0327	0.1049	0.0759	0.0363	0.1538	0.2807	24.0111
-0.1206	0.0312	-0.0627	0.0462	0.0184	-0.1567	-0.1055	-0.0524	-0.0328	-0.0806	0.0354	-0.155	-0.1512	-0.0816	0.018	0.0782	0.1306	-0.0002	0.142	0.241	23.5839
-0.1416	-0.0191	-0.0478	0.0274	0.034	-0.2071	-0.1399	-0.0873	-0.0124	-0.0517	0.0361	-0.1328	-0.1781	-0.0777	0.0067	0.055	0.1989	-0.0266	0.1439	0.2309	23.2204
-0.1558	-0.0745	-0.0217	0.0664	0.0066	-0.2128	-0.1314	-0.0943	0.0052	-0.0632	0.0248	-0.1114	-0.1847	-0.0652	-0.0124	0.0571	0.3312	-0.0366	0.2008	0.292	22.9243
-0.1341	-0.1215	0.012	0.1077	0.0006	-0.201	-0.1326	-0.0933	-0.0001	-0.119	0.0219	-0.0866	-0.1732	-0.0238	-0.0152	0.0915	0.4575	-0.0668	0.3106	0.3342	23.1892
-0.1163	-0.1454	0.0158	0.1057	0.0213	-0.1886	-0.1326	-0.101	-0.0157	-0.1177	-0.0032	-0.0776	-0.1489	-0.0029	-0.0129	0.1133	0.6619	-0.0647	0.1862	0.2179	22.4686
-0.1143	-0.1436	0.016	0.0901	0.0631	-0.175	-0.127	-0.0915	-0.0058	-0.1171	-0.0308	-0.0656	-0.1396	-0.0053	-0.0085	0.132	0.9432	-0.0627	0.091	0.1518	21.4979
-0.1038	-0.1157	0.0021	0.074	0.0766	-0.1789	-0.1289	-0.1103	0.0104	-0.0969	-0.034	-0.0525	-0.1209	0.0041	0.0155	0.155	1.412	-0.0626	0.0285	0.1085	20.6573
-0.0934	-0.0844	0.0498	0.0602	0.0563	-0.1684	-0.1162	-0.0899	0.0244	-0.096	-0.042	-0.0486	-0.1145	0.0032	-0.0276	0.1533	2.0196	-0.0702	0.0182	0.0951	19.8005
-0.067	-0.0528	0.0913	0.042	0.0221	-0.1592	-0.1046	-0.0773	0.0293	-0.1143	-0.0506	-0.0537	-0.1352	0.0141	-0.0047	0.1173	3.0518	-0.0749	0.0182	0.0858	18.9337
-0.0391	-0.0306	0.0983	0.0464	-0.0016	-0.1528	-0.1051	-0.0689	0.0295	-0.1188	-0.0661	-0.0486	-0.1582	-0.015	-0.0042	0.1149	2.5424	-0.0574	0.0285	0.0812	18.1236
-0.0106	-0.0103	0.0824	0.0435	0.0001	-0.1513	-0.1006	-0.068	0.0202	-0.1161	-0.077	-0.0356	-0.1522	-0.0276	0.0213	0.1291	1.927	-0.0645	0.0784	0.1357	17.4678
0.0164	-0.0031	0.0643	0.0388	0.0221	-0.1561	-0.1022	-0.0692	0.0112	-0.116	-0.0376	-0.0371	-0.1295	-0.0091	0.0128	0.1431	1.3425	-0.0372	0.1052	0.1794	16.7349
0.0261	0.039	0.0509	0.0284	0.0388	-0.1534	-0.1038	-0.0749	0.0005	-0.1128	0.0149	-0.0515	-0.1549	-0.0007	0.012	0.1409	0.9705	-0.017	0.1109	0.1766	16.6135
0.0381	0.0654	0.0294	0.0007	0.0319	-0.1559	-0.1053	-0.0805	0.0101	-0.0817	0.0138	-0.0603	-0.1541	-0.0111	0.021	0.1211	0.6916	-0.0361	0.1025	0.131	16.3562
0.0686	0.0735	0.0297	-0.0395	0.006	-0.1596	-0.1039	-0.0797	0.0068	-0.0555	-0.0107	-0.0462	-0.1419	-0.0092	0.0032	0.0855	0.4747	-0.0571	0.0928	0.1102	15.6522
0.0807	0.0497	0.032	-0.0717	-0.021	-0.1546	-0.1018	-0.0725	0.0206	-0.0595	-0.0148	-0.0346	-0.1219	-0.0263	0.0001	0.0534	0.3497	-0.0479	0.0662	0.109	15.0153
0.0907	0.0167	0.0261	-0.0943	-0.0598	-0.1502	-0.0931	-0.065	0.0166	-0.0576	-0.0027	-0.0479	-0.1379	-0.0377	-0.0083	0.0676	0.2628	-0.0513	0.0519	0.1	14.5297
0.0898	0.0112	0.015	-0.1113	-0.0854	-0.1371	-0.0873	-0.0487	0.0063	-0.0579	-0.0083	-0.0591	-0.1571	-0.0517	-0.0006	0.1091	0.202	-0.0326	0.0613	0.0962	14.2023
0.085	0.002	-0.0109	-0.1202	-0.0986	-0.1382	-0.0896	-0.0567	-0.0042	-0.0653	-0.0113	-0.0534	-0.1431	-0.0379	-0.0029	0.1248	0.1654	-0.0178	0.0605	0.0867	14.0872
0.0623	-0.0066	-0.0486	-0.1217	-0.1199	-0.1488	-0.0968	-0.0703	-0.0252	-0.077	-0.0218	-0.0692	-0.1188	-0.0158	-0.0014	0.1129	0.1374	-0.0075	0.0395	0.0718	14.0034
0.0467	-0.0091	-0.0735	-0.1142	-0.1287	-0.1573	-0.1066	-0.0826	-0.0333	-0.1008	-0.0118	-0.0738	-0.1044	-0.0368	0.0172	0.1127	0.108	-0.0075	0.0117	0.0442	13.8455
0.0164	-0.015	-0.0877	-0.107	-0.1261	-0.16	-0.1106	-0.0927	-0.0613	-0.1011	-0.0037	-0.0909	-0.1107	-0.0458	-0.0016	0.1049	0.07	-0.0107	-0.0088	0.0399	13.6916
-0.0331	-0.0263	-0.1025	-0.0884	-0.1208	-0.1624	-0.1174	-0.1116	-0.048	-0.1136	-0.0269	-0.1029	-0.1178	-0.0235	-0.0143	0.0935	0.0427	-0.0155	-0.0179	0.0411	13.6097
-0.0846	-0.036	-0.1097	-0.073	-0.1175	-0.1635	-0.1122	-0.1197	-0.0385	-0.1168	-0.0413	-0.107	-0.1211	-0.0437	-0.0226	0.0908	0.0261	-0.0381	-0.0423	0.0335	13.6629
-0.1151	-0.0646	-0.1107	-0.0802	-0.102	-0.1533	-0.0988	-0.1156	-0.0448	-0.118	-0.044	-0.0958	-0.0882	-0.0267	-0.0309	0.0999	0.0123	-0.0618	-0.0676	0.0372	13.8221
-0.137	-0.0918	-0.1098	-0.0712	-0.0785	-0.1351	-0.0788	-0.107	-0.0404	-0.1149	-0.037	-0.0946	-0.0924	-0.0234	-0.0017	0.1068	-0.0072	-0.0877	-0.1005	0.0395	13.9669
-0.1281	-0.1079	-0.1007	-0.0695	-0.0767	-0.1148	-0.0529	-0.1039	-0.034	-0.0845	-0.0445	-0.0887	-0.0716	-0.0015	0.0144	0.1093	-0.0322	-0.0989	-0.1095	0.06	14.1852
-0.1233	-0.1197	-0.0928	-0.0646	-0.0622	-0.0787	0.0037	-0.0872	-0.0273	-0.072	-0.0718	-0.0737	0.0071	-0.0052	0.0099	0.1068	-0.0329	-0.0988	-0.0878	0.0725	14.7229
-0.1027	-0.1173	-0.0723	-0.0538	-0.0529	-0.0398	0.017	-0.0657	0.01	-0.0705	-0.0636	-0.0557	0.0322	0.0029	0.0195	0.1045	-0.0302	-0.0796	-0.0707	0.043	15.3169
-0.1098	-0.1215	-0.0773	-0.044	-0.0623	-0.0391	0.0068	-0.0495	0.0205	-0.08	-0.0491	-0.0448	0.0414	0.0146	0.0016	0.0991	-0.0149	-0.0606	-0.0929	0.0164	15.7942
-0.1425	-0.134	-0.073	-0.0359	-0.0646	-0.0529	-0.0111	-0.0443	0.0066	-0.0844	-0.045	-0.0581	0.0322	0.025	-0.0251	0.0978	-0.0118	-0.0612	-0.0912	0.0042	16.3694
-0.1545	-0.1288	-0.0701	-0.0139	-0.0594	-0.0689	-0.0273	-0.0457	0.0041	-0.0884	-0.062	-0.0392	0.0238	0.0158	-0.0337	0.0936	-0.0116	-0.0629	-0.0813	0.0185	17.1633
-0.1758	-0.1222	-0.0658	0.0343	-0.0666	-0.0729	-0.0392	-0.0544	-0.0133	-0.0698	-0.0821	-0.0498	0.0362	0.0075	-0.0306	0.0875	-0.004	-0.06	-0.0757	0.0498	17.7022
-0.2047	-0.1109	-0.0461	0.0964	-0.0633	-0.0788	-0.0479	-0.0483	-0.0217	-0.0324	-0.0819	-0.0412	0.0229	-0.0321	-0.0128	0.0909	-0.0119	-0.0629	-0.0768	0.0597	18.1264
-0.2061	-0.1094	-0.0406	0.1288	-0.0313	-0.0944	-0.0557	-0.0604	-0.0293	-0.0162	-0.0819	-0.0382	-0.0273	-0.0109	-0.0161	0.0937	-0.0128	-0.0509	-0.0709	0.0631	18.7137
-0.2066	-0.1137	-0.0523	0.1384	0.0239	-0.1036	-0.0629	-0.0718	-0.0366	-0.0047	-0.0756	-0.0015	0.0196	0.018	0.0148	0.1002	-0.0205	-0.0574	-0.0459	0.0613	19.6251
-0.1839	-0.1132	-0.0448	0.1327	0.0636	-0.1011	-0.0545	-0.0673	-0.0238	-0.0022	-0.0848	0.0397	0.088	0.015	0.0019	0.1036	-0.0265	-0.0549	-0.0262	0.0633	20.8
-0.162	-0.1106	-0.0071	0.1183	0.083	-0.0874	-0.0305	-0.0666	-0.0018	-0.0023	-0.0981	0.0273	0.084	0.0408	0.007	0.107	-0.0301	-0.0552	-0.0121	0.0443	22.3879
-0.1573	-0.0945	0.0515	0.1039	0.0918	-0.0739	0.0065	-0.0484	0.0238	0.001	-0.0738	0.007	0.0423	0.0348	0.0061	0.1059	-0.0385	-0.0467	-0.013	0.1044	24.1853
-0.1503	-0.0767	0.0876	0.1049	0.0921	-0.0544	0.0349	-0.0092	0.0923	0.0315	-0.0473	0.0015	0.0487	0.0664	0.0107	0.1065	-0.018	-0.0323	-0.0126	3.0409	25.9433
-0.1448	-0.0795	0.0952	0.1288	0.0871	-0.0444	0.0372	0.0235	0.1319	0.039	-0.0443	0.0808	0.1422	0.0444	-0.002	0.1041	-0.0078	-0.0223	0.0025	2.8485	27.082
-0.1235	-0.0692	0.0962	0.1393	0.0759	-0.0378	0.0314	0.0627	0.1451	0.0276	-0.0352	0.074	0.1124	0.0148	-0.007	0.0963	0.0041	-0.0196	0.0372	3.2165	28.06
-0.0684	-0.0511	0.0896	0.1125	0.1276	-0.0377	0.0212	0.0617	0.1445	0.0256	-0.0194	0.0798	0.0785	0.0249	0.0338	0.0978	0.0407	0.0157	0.0732	1.7843	28.9731
-0.0849	-0.0221	0.0768	0.0786	0.1665	-0.0492	0.0267	0.0692	0.1253	0.0573	0.0104	0.1055	0.1166	0.0215	0.0006	0.1116	0.0648	0.0662	0.1059	1.2224	29.871
-0.0894	0.0181	0.0665	0.0598	0.1407	-0.0554	0.0192	0.0707	0.1321	0.0502	0.022	0.1405	0.1789	0.0143	0.0156	0.1214	0.0805	0.086	0.1178	1.0747	30.603
-0.0587	0.0474	0.0759	0.0502	0.0886	-0.0679	0.0189	0.0628	0.1352	0.0455	0.0666	0.1087	0.179	0.028	0.0117	0.1324	0.0794	0.0649	0.1193	1.0472	31.0205
-0.0833	0.0755	0.0986	0.0276	0.0443	-0.0615	0.0241	0.0776	0.1203	0.0416	0.1068	0.123	0.1795	0.0506	-0.0036	0.1327	0.0765	0.0448	0.112	1.0218	31.0549
